Functio_Name,Functio_Line_Num,Bengin,Split_Num,End
_init,9,8,1,17
puts@plt-0x10,4,19,3,23
puts@plt,4,24,1,28
fread@plt,4,29,1,33
free@plt,4,34,1,38
fclose@plt,4,39,1,43
printf@plt,4,44,1,48
fgetc@plt,4,49,1,53
__libc_start_main@plt,4,54,1,58
__gmon_start__@plt,4,59,1,63
strtol@plt,4,64,1,68
__xstat@plt,4,69,1,73
fopen@plt,4,74,1,78
exit@plt,4,79,1,83
fwrite@plt,4,84,1,88
malloc@plt,5,89,1,94
main,1778,96,687,1874
_start,13,1875,0,1888
deregister_tm_clones,24,1889,9,1913
register_tm_clones,33,1914,12,1947
__do_global_dtors_aux,13,1948,2,1961
frame_dummy,8,1962,0,1970
LBM_initializeSpecialCellsForChannel,61,1971,10,2032
LBM_initializeSpecialCellsForLDC,252,2033,51,2285
LBM_initializeGrid,32,2286,20,2318
LBM_showGridStatistics,128,2319,57,2447
LBM_allocateGrid.part.0,11,2448,2,2459
LBM_loadObstacleFile,47,2460,7,2507
__libc_csu_init,38,2508,5,2546
__libc_csu_fini,2,2547,0,2549
set_fast_math,14,2550,7,2564
_fini,3,2566,0,2569
