Functio_Name,Functio_Line_Num,Bengin,Split_Num,End
_start,19,8,0,27
deregister_tm_clones,16,28,1,44
register_tm_clones,21,45,1,66
__do_global_dtors_aux,10,67,3,77
frame_dummy,18,78,2,96
set_fast_math,19,97,3,116
__mulsc3,179,117,20,296
__muldc3,182,297,16,479
__libc_csu_init,39,480,5,519
__libc_csu_fini,16,520,0,536
main,8412,537,3248,8949
flow_cost,107,8950,34,9057
refresh_neighbour_lists.Cloned.1.getOriginalArcPosition,81,9058,34,9139
___flow_cost_cloned_cmprs_Ptr_,107,9140,34,9247
___refresh_neighbour_lists.Cloned.1.getOriginalArcPosition_cloned_cmprs_Ptr_,99,9248,36,9347
spec_qsort.Cloned.3.arc_compare.65,2038,9348,760,11386
___spec_qsort.Cloned.3.arc_compare_cloned_cmprs_Ptr_.67,2038,11387,760,13425
spec_qsort.Cloned.3.arc_compare.65.AlignOpt.Clone,1535,13426,549,14961
___spec_qsort.Cloned.3.arc_compare_cloned_cmprs_Ptr_.67.AlignOpt.Clone,1535,14962,549,16497
spec_qsort.Cloned.3.cost_compare.AlignOpt.Clone.DeadOpEliminate.Cloned.,563,16498,208,17061
___spec_qsort.Cloned.3.cost_compare_cloned_cmprs_Ptr_.AlignOpt.Clone.DeadOpEliminate.Cloned.,551,17062,208,17613
_init,9,17615,1,17624
_fini,5,17626,0,17631
__libc_start_main@plt-0x10,4,17633,3,17637
__libc_start_main@plt,4,17638,1,17642
__gmon_start__@plt,4,17643,1,17647
puts@plt,4,17648,1,17652
putchar@plt,4,17653,1,17657
memset@plt,4,17658,1,17662
strcpy@plt,4,17663,1,17667
strtol@plt,4,17668,1,17672
sprintf@plt,4,17673,1,17677
fopen@plt,4,17678,1,17682
fgets_unlocked@plt,4,17683,1,17687
__isoc99_sscanf@plt,4,17688,1,17692
free@plt,4,17693,1,17697
printf@plt,4,17698,1,17702
calloc@plt,4,17703,1,17707
fwrite@plt,4,17708,1,17712
memalign@plt,4,17713,1,17717
memcpy@plt,4,17718,1,17722
fflush@plt,4,17723,1,17727
fprintf@plt,4,17728,1,17732
fclose@plt,4,17733,1,17737
exit@plt,3,17738,1,17741
