Functio_Name,Functio_Line_Num,Bengin,Spill_Num,End
global_opt:                             # @global_opt,1011,7,199,1018
primal_net_simplex:                     # @primal_net_simplex,202,1018,41,1220
flow_cost:                              # @flow_cost,102,1220,19,1322
suspend_impl:                           # @suspend_impl,450,1322,96,1772
refreshPositions:                       # @refreshPositions,153,1772,37,1925
getOriginalArcPosition:                 # @getOriginalArcPosition,12,1925,0,1937
price_out_impl:                         # @price_out_impl,1498,1937,555,3435
main:                                   # @main,344,3435,77,3779
read_min:                               # @read_min,576,3779,179,4355
getfree:                                # @getfree,48,4355,9,4403
primal_start_artificial:                # @primal_start_artificial,79,4403,35,4482
write_objective_value:                  # @write_objective_value,132,4482,19,4614
refresh_neighbour_lists:                # @refresh_neighbour_lists,92,4614,26,4706
start:                                  # @start,12,4706,0,4718
getArcPosition:                         # @getArcPosition,30,4718,3,4748
flow_org_cost:                          # @flow_org_cost,112,4748,21,4860
primal_feasible:                        # @primal_feasible,121,4860,15,4981
dual_feasible:                          # @dual_feasible,67,4981,12,5048
refreshArcPointers:                     # @refreshArcPointers,114,5048,18,5162
marc_arcs:                              # @marc_arcs,134,5162,26,5296
arc_compare:                            # @arc_compare,27,5296,7,5323
resize_prob:                            # @resize_prob,82,5323,23,5405
insert_new_arc:                         # @insert_new_arc,80,5405,31,5485
replace_weaker_arc:                     # @replace_weaker_arc,104,5485,35,5589
calculate_max_redcost:                  # @calculate_max_redcost,35,5589,5,5624
switch_arcs:                            # @switch_arcs,218,5624,69,5842
spec_qsort:                             # @spec_qsort,3391,5842,991,9233
write_circulations:                     # @write_circulations,209,9233,40,9442
update_tree:                            # @update_tree,228,9442,53,9670
primal_iminus:                          # @primal_iminus,90,9670,23,9760
primal_update_flow:                     # @primal_update_flow,37,9760,6,9797
markBaskets:                            # @markBaskets,101,9797,21,9898
cost_compare:                           # @cost_compare,29,9898,9,9927
worker:                                 # @worker,602,9927,154,10529
primal_bea_mpp:                         # @primal_bea_mpp,362,10529,100,10891
master:                                 # @master,984,10891,265,11875
set_static_vars:                        # @set_static_vars,16,11875,5,11891
bea_is_dual_infeasible:                 # @bea_is_dual_infeasible,172,11891,4,12063
