Functio_Name,Functio_Line_Num,Bengin,Split_Num,End
set_fast_math,19,97,3,116
__mulsc3,179,117,20,296
__muldc3,237,297,21,534
main,8412,537,3248,8949
flow_cost,107,8950,34,9057
refresh_neighbour_lists.Cloned.1.getOriginalArcPosition,81,9058,34,9139
___flow_cost_cloned_cmprs_Ptr_,107,9140,34,9247
___refresh_neighbour_lists.Cloned.1.getOriginalArcPosition_cloned_cmprs_Ptr_,99,9248,36,9347
spec_qsort.Cloned.3.arc_compare.65,2038,9348,760,11386
___spec_qsort.Cloned.3.arc_compare_cloned_cmprs_Ptr_.67,2038,11387,760,13425
spec_qsort.Cloned.3.arc_compare.65.AlignOpt.Clone,1535,13426,549,14961
___spec_qsort.Cloned.3.arc_compare_cloned_cmprs_Ptr_.67.AlignOpt.Clone,1535,14962,549,16497
spec_qsort.Cloned.3.cost_compare.AlignOpt.Clone.DeadOpEliminate.Cloned.,563,16498,208,17061
___spec_qsort.Cloned.3.cost_compare_cloned_cmprs_Ptr_.AlignOpt.Clone.DeadOpEliminate.Cloned.,565,17062,209,17627
__libc_start_main@plt-0x10,20,17633,7,17653
memset@plt,20,17658,5,17678
fgets_unlocked@plt,24,17683,6,17707
memalign@plt,4,17713,1,17717
memcpy@plt,19,17718,5,17737
