Functio_Name,Functio_Line_Num,Bengin,Split_Num,End
main,2078,126,836,2204
flow_cost.constprop.30,84,2210,30,2294
getOriginalArcPosition,6,2295,1,2301
refreshPositions.constprop.25,80,2302,42,2382
cost_compare,20,2383,11,2403
spec_qsort.constprop.19,1221,2404,621,3625
arc_compare,16,3626,8,3642
spec_qsort.constprop.18,1157,3643,558,4800
switch_arcs.constprop.17,133,4801,56,4934
master.constprop.6,538,4935,225,5473
resize_prob.constprop.14,55,5474,27,5529
getfree.constprop.3,73,5530,14,5603
set_fast_math,17,5606,7,5623
